# iteration | simulation time (ps) | potential_energy (kT) | kinetic_energy (kT) | volume (nm^3) | ns per day
         0      1.0 -221392.418 46458.370 497.238 26.457
         1      2.0 -223972.034 46371.220 486.008 26.565
         2      3.0 -225690.964 45924.582 478.106 26.457
         3      4.0 -225799.738 46459.476 477.644 26.365
         4      5.0 -226360.655 46504.096 472.623 26.270
         5      6.0 -227283.018 46237.161 469.296 26.232
         6      7.0 -227848.358 46136.259 465.619 26.207
         7      8.0 -228290.698 46008.271 464.203 26.171
         8      9.0 -227954.284 46357.615 462.144 26.097
