# iteration | simulation time (ps) | potential_energy (kT) | kinetic_energy (kT) | volume (nm^3) | ns per day
         0      1.0 -214876.040 46498.819 542.893 25.362
         1      2.0 -219074.018 46075.148 529.247 25.364
         2      3.0 -222068.276 46115.568 514.609 25.265
         3      4.0 -223971.156 46141.257 502.409 25.141
         4      5.0 -224253.722 46147.084 494.056 25.023
         5      6.0 -224883.701 46214.257 487.803 24.927
         6      7.0 -225634.269 46251.140 485.258 24.822
         7      8.0 -226430.224 46280.745 478.421 24.742
         8      9.0 -226451.264 46057.304 475.451 24.672
         9     10.0 -227383.875 46268.083 474.338 24.615
        10     11.0 -226983.302 46370.433 469.725 24.548
        11     12.0 -228345.425 45974.394 468.061 24.480
        12     13.0 -227570.162 45968.347 466.878 24.420
        13     14.0 -228671.736 46027.789 463.020 24.364
        14     15.0 -227916.205 46038.594 462.924 24.253
        15     16.0 -228015.564 46367.628 462.924 24.154
